0 0 0 -7.712321
0 0 1 -7.712321
0 0 2 -7.458134
0 0 3 -7.458134
0 1 0 -7.712321
0 1 1 -7.458134
0 1 2 -7.175705
0 1 3 -7.175705
0 2 0 -7.458134
0 2 1 -7.175705
0 2 2 -7.175705
0 2 3 -6.861894
0 4 0 -6.513216
0 4 1 -6.513216
0 4 2 -6.125795
0 4 3 -6.125795
0 5 0 -6.513216
0 5 1 -6.125795
0 5 2 -6.125795
0 5 3 -5.695328
0 7 0 0.000000
0 7 1 0.000000
0 7 2 0.000000
0 7 3 0.000000
1 0 0 -7.458134
1 0 1 -7.712321
1 0 2 -7.175705
1 0 3 -7.712321
1 1 0 -7.458134
1 1 1 -7.458134
1 1 2 -6.861894
1 1 3 -7.458134
1 2 0 -7.175705
1 2 1 -7.175705
1 2 2 -6.513216
1 2 3 -7.175705
1 3 0 -6.861894
1 3 1 -6.513216
1 3 2 -6.125795
1 3 3 -6.513216
1 4 0 -6.513216
1 4 1 -6.513216
1 4 2 -5.695328
1 4 3 -5.695328
1 5 0 -6.125795
1 5 1 -6.125795
1 5 2 -5.695328
1 5 3 -5.217031
1 7 0 -1.900000
1 7 1 -1.000000
1 7 2 -1.900000
1 7 3 -2.710000
2 0 0 -7.712321
2 0 1 -7.458134
2 0 2 -7.458134
2 0 3 -7.941089
2 1 0 -7.712321
2 1 1 -7.175705
2 1 2 -7.175705
2 1 3 -7.712321
2 2 0 -7.458134
2 2 1 -6.861894
2 2 2 -7.175705
2 2 3 -7.458134
2 4 0 -5.695328
2 4 1 -6.125795
2 4 2 -5.217031
2 4 3 -5.217031
2 5 0 -5.695328
2 5 1 -5.695328
2 5 2 -5.217031
2 5 3 -4.685590
2 7 0 -2.710000
2 7 1 -1.900000
2 7 2 -2.710000
2 7 3 -3.439000
3 0 0 -7.941089
3 0 1 -7.712321
3 0 2 -7.712321
3 0 3 -8.146980
3 1 0 -7.941089
3 1 1 -7.458134
3 1 2 -7.458134
3 1 3 -7.712321
3 2 0 -7.712321
3 2 1 -7.175705
3 2 2 -7.458134
3 2 3 -7.712321
3 4 0 -5.217031
3 4 1 -5.695328
3 4 2 -4.685590
3 4 3 -5.217031
3 5 0 -5.217031
3 5 1 -5.217031
3 5 2 -4.095100
3 5 3 -5.217031
3 6 0 -4.685590
3 6 1 -4.095100
3 6 2 -3.439000
3 6 3 -4.685590
3 7 0 -4.095100
3 7 1 -2.710000
3 7 2 -3.439000
3 7 3 -4.095100
4 0 0 -8.146980
4 0 1 -7.941089
4 0 2 -8.146980
4 0 3 -8.332282
4 2 0 -7.712321
4 2 1 -7.458134
4 2 2 -7.941089
4 2 3 -7.941089
4 3 0 -7.712321
4 3 1 -7.941089
4 3 2 -7.941089
4 3 3 -8.146980
4 5 0 -5.217031
4 5 1 -4.685590
4 5 2 -4.685590
4 5 3 -5.217031
4 6 0 -5.217031
4 6 1 -4.095100
4 6 2 -4.095100
4 6 3 -5.217031
4 7 0 -4.685590
4 7 1 -3.439000
4 7 2 -4.095100
4 7 3 -4.095100
5 0 0 -8.332282
5 0 1 -8.146980
5 0 2 -8.146980
5 0 3 -8.332282
5 1 0 -8.332282
5 1 1 -8.146980
5 1 2 -7.941089
5 1 3 -8.146980
5 2 0 -8.146980
5 2 1 -7.712321
5 2 2 -8.146980
5 2 3 -7.941089
5 3 0 -7.941089
5 3 1 -7.941089
5 3 2 -8.332282
5 3 3 -8.332282
5 4 0 -8.146980
5 4 1 -8.332282
5 4 2 -8.332282
5 4 3 -8.499054
5 6 0 -5.217031
5 6 1 -4.685590
5 6 2 -5.217031
5 6 3 -5.217031
6 3 0 -8.332282
6 3 1 -8.146980
6 3 2 -8.499054
6 3 3 -8.499054
6 4 0 -8.332282
6 4 1 -8.332282
6 4 2 -8.649148
6 4 3 -8.649148
6 5 0 -8.499054
6 5 1 -8.649148
6 5 2 -8.649148
6 5 3 -8.784233
6 7 0 -9.113706
6 7 1 -9.113706
6 7 2 -9.113706
6 7 3 -9.015229
7 0 0 -8.905810
7 0 1 -8.905810
7 0 2 -8.784233
7 0 3 -8.905810
7 1 0 -8.905810
7 1 1 -8.784233
7 1 2 -8.649148
7 1 3 -8.784233
7 2 0 -8.784233
7 2 1 -8.649148
7 2 2 -8.499054
7 2 3 -8.649148
7 3 0 -8.649148
7 3 1 -8.332282
7 3 2 -8.649148
7 3 3 -8.499054
7 4 0 -8.499054
7 4 1 -8.499054
7 4 2 -8.784233
7 4 3 -8.649148
7 5 0 -8.649148
7 5 1 -8.649148
7 5 2 -8.905810
7 5 3 -8.784233
7 6 0 -8.784233
7 6 1 -8.905810
7 6 2 -9.015229
7 6 3 -8.905810
7 7 0 -8.905810
7 7 1 -9.113706
7 7 2 -9.015229
7 7 3 -9.015229
