0 0 -7.458134
0 1 -7.175705
0 2 -6.861894
0 4 -6.125795
0 5 -5.695328
0 7 0.000000
1 0 -7.175705
1 1 -6.861894
1 2 -6.513216
1 3 -6.125795
1 4 -5.695328
1 5 -5.217031
1 7 -1.000000
2 0 -7.458134
2 1 -7.175705
2 2 -6.861894
2 4 -5.217031
2 5 -4.685590
2 7 -1.900000
3 0 -7.712321
3 1 -7.458134
3 2 -7.175705
3 4 -4.685590
3 5 -4.095100
3 6 -3.439000
3 7 -2.710000
4 0 -7.941089
4 2 -7.458134
4 3 -7.712321
4 5 -4.685590
4 6 -4.095100
4 7 -3.439000
5 0 -8.146980
5 1 -7.941089
5 2 -7.712321
5 3 -7.941089
5 4 -8.146980
5 6 -4.685590
6 3 -8.146980
6 4 -8.332282
6 5 -8.499054
6 7 -9.015229
7 0 -8.784233
7 1 -8.649148
7 2 -8.499054
7 3 -8.332282
7 4 -8.499054
7 5 -8.649148
7 6 -8.784233
7 7 -8.905810
